41,13
41,11
41,7
41,4
91,9
91,8
91,7
91,5
91,4
89,5
89,4
40,105
40,104
40,103
40,102
40,101
40,100
40,99
40,98
40,97
40,96
40,95
40,94
40,93
40,92
40,91
40,90
40,89
40,88
40,87
40,86
40,85
40,84
40,83
40,82
40,81
40,80
40,79
40,78
40,77
40,76
40,75
40,74
40,73
40,72
40,71
40,70
40,69
40,68
40,67
40,66
40,65
40,64
40,36
40,35
40,34
40,33
40,32
40,31
40,30
40,29
40,28
40,27
40,26
40,25
40,24
40,23
40,22
40,21
40,20
40,19
40,18
40,17
40,16
40,15
40,14
40,13
40,12
40,11
40,10
40,9
40,8
40,7
40,5
40,4
71,97
71,94
71,92
71,89
71,86
71,84
71,81
71,78
71,75
71,73
71,70
71,67
71,65
71,35
71,32
71,29
71,27
71,24
71,21
71,19
71,16
71,13
71,10
71,8
71,4
70,7
67,26
67,24
67,21
67,18
67,16
67,13
67,10
67,7
67,4
56,29
56,28
56,27
56,26
56,25
56,24
56,23
56,22
56,21
56,20
56,19
56,18
56,17
56,16
56,15
56,14
56,13
56,12
56,11
56,10
56,9
56,8
56,7
56,5
56,4
45,4
77,17
77,14
77,11
77,8
77,6
85,10
69,86
69,64
69,36
69,28
69,15
69,12
86,10
48,174
48,173
48,169
48,168
48,167
48,166
48,165
48,161
48,160
48,159
48,158
48,157
48,155
48,152
48,151
48,150
48,149
48,148
48,147
48,142
48,141
48,140
48,139
48,138
48,136
48,134
48,133
48,132
48,131
48,130
48,127
48,125
48,124
48,123
48,122
48,121
48,120
48,119
48,118
48,117
48,128
48,116
48,115
48,114
48,113
48,112
48,111
48,110
48,109
48,108
48,107
48,106
48,105
48,104
48,103
48,102
48,101
48,100
48,99
48,98
48,97
48,96
48,95
48,94
48,93
48,92
48,91
48,90
48,89
48,88
48,87
48,86
48,85
48,84
48,83
48,82
48,81
48,80
48,79
48,78
48,77
48,76
48,75
48,74
48,73
48,72
48,71
48,70
48,69
48,68
48,67
48,66
48,65
48,64
48,37
48,36
48,35
48,34
48,33
48,32
48,31
48,30
48,29
48,28
48,27
48,26
48,25
48,24
48,23
48,22
48,21
48,20
48,19
48,18
48,17
48,16
48,15
48,14
48,13
48,12
48,11
48,10
48,9
48,8
48,6
48,5
48,3
36,3
20,3
91,3
89,3
84,251
84,248
84,245
84,243
84,240
84,237
84,235
84,232
84,229
84,226
84,224
84,221
84,218
84,216
84,213
84,210
84,207
84,205
84,202
84,199
84,197
84,194
84,191
84,188
84,186
84,183
84,180
84,178
84,175
84,172
84,169
84,167
84,164
84,161
84,159
84,156
84,153
84,151
84,148
84,145
84,142
84,140
84,137
84,134
84,132
84,129
84,126
84,123
84,121
84,118
84,115
84,113
84,110
84,107
84,104
84,102
84,99
84,96
84,94
84,91
84,88
84,86
84,83
84,80
84,77
84,75
84,72
84,69
84,67
84,64
84,34
84,31
84,29
84,26
84,23
84,21
84,18
84,15
84,12
84,10
84,7
84,4
40,151
40,150
40,149
40,148
40,147
40,146
40,145
40,144
40,143
40,142
40,141
40,140
40,139
40,138
40,137
40,136
40,135
40,134
40,133
40,132
40,131
40,130
40,129
40,128
40,127
40,126
40,125
40,124
40,123
40,122
40,121
40,120
40,119
40,118
40,117
40,116
40,115
40,114
40,113
40,112
40,111
40,110
40,109
40,108
40,107
40,106
40,3
71,151
71,149
71,146
71,143
71,140
71,138
71,135
71,132
71,130
71,127
71,124
71,121
71,119
71,116
71,113
71,111
71,108
71,105
71,102
71,100
70,10
56,3
45,3
77,3
69,324
69,321
69,319
69,316
69,313
69,311
69,308
69,305
69,302
69,300
69,297
69,294
69,292
69,289
69,286
69,283
69,281
69,278
69,275
69,273
69,270
69,267
69,264
69,262
69,259
69,256
69,254
69,251
69,248
69,246
69,243
69,240
69,237
69,235
69,232
69,229
69,227
69,224
69,221
69,218
69,216
69,213
69,210
69,208
69,205
69,202
69,199
69,197
69,194
69,191
69,189
69,186
69,183
69,181
69,178
69,175
69,172
69,170
69,167
69,164
69,162
69,159
69,156
69,153
69,151
69,148
69,145
69,143
69,140
69,137
69,134
69,132
69,129
69,126
69,124
69,121
69,118
69,115
69,113
69,110
69,107
69,105
69,102
69,99
69,97
69,94
69,91
69,88
69,83
69,80
69,78
69,75
69,72
69,69
69,67
69,34
69,31
69,26
69,23
69,20
69,18
69,9
86,3
48,528
48,527
48,526
48,525
48,524
48,523
48,522
48,521
48,520
48,519
48,518
48,517
48,516
48,515
48,514
48,513
48,512
48,511
48,510
48,509
48,508
48,507
48,506
48,505
48,504
48,503
48,502
48,501
48,500
48,499
48,498
48,497
48,496
48,495
48,494
48,493
48,492
48,491
48,490
48,489
48,488
48,487
48,486
48,485
48,484
48,483
48,482
48,481
48,480
48,479
48,478
48,477
48,476
48,475
48,474
48,473
48,472
48,471
48,470
48,469
48,468
48,467
48,466
48,465
48,464
48,463
48,462
48,461
48,460
48,459
48,458
48,457
48,456
48,455
48,454
48,453
48,452
48,451
48,450
48,449
48,448
48,383
48,382
48,381
48,380
48,379
48,378
48,377
48,376
48,375
48,374
48,373
48,372
48,371
48,370
48,369
48,368
48,367
48,366
48,365
48,364
48,363
48,362
48,361
48,360
48,359
48,358
48,357
48,356
48,355
48,354
48,353
48,352
48,351
48,350
48,349
48,348
48,347
48,346
48,345
48,344
48,343
48,342
48,341
48,340
48,339
48,338
48,337
48,336
48,335
48,334
48,333
48,332
48,331
48,330
48,329
48,328
48,327
48,326
48,325
48,324
48,323
48,322
48,321
48,320
48,191
48,190
48,189
48,188
48,187
48,186
48,185
48,184
48,183
48,182
48,181
48,180
48,179
48,178
48,177
48,176
48,175
48,172
48,171
48,170
48,164
48,163
48,162
48,156
48,154
48,153
48,146
48,145
48,144
48,143
48,137
48,135
48,129
48,126
3,32
2,32
1,32
3,31
2,31
1,31
3,30
2,30
1,30
3,29
2,29
1,29
3,28
2,28
1,28
3,27
2,27
1,27
3,26
2,26
1,26
3,25
2,25
1,25
3,24
2,24
1,24
3,23
2,23
1,23
3,22
2,22
1,22
3,21
2,21
1,21
3,20
2,20
1,20
3,19
2,19
1,19
3,18
2,18
1,18
3,17
2,17
1,17
3,16
2,16
1,16
3,15
2,15
1,15
3,14
2,14
1,14
3,13
2,13
1,13
3,12
2,12
1,12
3,11
2,11
1,11
3,10
2,10
1,10
3,9
2,9
1,9
3,8
2,8
1,8
3,7
2,7
1,7
3,6
2,6
1,6
3,5
2,5
1,5
3,4
2,4
1,4
3,3
2,3
1,3
0,6
58,15
58,14
58,3
61,9
62,20
62,17
62,15
62,12
62,9
62,6
66,82
66,80
66,77
66,74
66,72
66,69
66,66
66,36
66,33
66,30
66,28
66,25
66,22
66,20
66,17
66,14
66,11
66,9
66,6
58,181
58,176
58,170
58,165
58,162
58,159
58,157
58,154
58,151
58,143
58,140
58,138
58,132
58,120
58,119
58,118
58,117
58,128
58,114
58,112
58,111
58,110
58,109
58,108
58,107
58,106
58,105
58,103
58,102
58,101
58,100
58,98
58,97
58,96
58,94
58,93
58,92
58,91
58,90
58,89
58,88
58,87
58,86
58,85
58,84
58,80
58,79
58,78
58,77
58,76
58,75
58,74
58,73
58,72
58,71
58,70
58,69
58,67
58,66
58,65
58,36
58,35
58,34
58,32
58,30
58,28
58,27
58,26
58,25
58,24
58,23
58,22
58,21
58,20
58,19
58,18
58,16
58,13
58,12
58,11
58,10
58,9
58,7
66,3
58,430
58,428
58,425
58,422
58,419
58,417
58,414
58,411
58,409
58,406
58,403
58,401
58,398
58,395
58,392
58,390
58,387
58,384
58,254
58,252
58,249
58,246
58,243
58,241
58,238
58,235
58,233
58,230
58,227
58,224
58,222
58,219
58,216
58,214
58,211
58,208
58,205
58,203
58,200
58,197
58,195
58,189
58,187
58,184
58,178
58,173
58,192
58,168
58,149
58,146
58,135
58,130
58,126
58,123
58,116
58,115
58,113
58,104
58,99
58,95
58,83
58,82
58,81
58,68
58,64
58,38
58,37
58,33
58,31
58,29
58,17
58,6
80,3
78,3
26,3
22,3
19,3
12,3
0,48
0,45
0,47
0,46
0,12
0,11
0,50
0,10
0,8
58,63
58,62
58,61
58,60
58,59
58,58
58,57
58,56
58,55
58,54
58,53
58,52
58,51
58,50
58,49
58,48
58,47
58,46
58,45
58,44
58,43
58,42
58,41
58,40
58,39
50,268
45,7
45,6
45,5
5,8
0,55
0,54
1,45
3,44
2,44
1,44
3,43
2,43
1,43
3,42
2,42
1,42
3,41
2,41
1,41
3,40
2,40
1,40
3,39
2,39
1,39
3,38
2,38
1,38
3,37
2,37
1,37
3,36
2,36
1,36
3,35
2,35
1,35
3,34
2,34
1,34
3,33
2,33
1,33
58,121
58,122
58,124
58,125
58,127
58,129
58,131
58,133
58,134
58,136
58,137
58,139
58,141
58,142
58,144
58,145
58,147
58,148
58,150
58,152
58,153
58,155
58,156
58,158
58,160
58,161
58,163
58,164
58,166
58,167
58,169
58,171
58,172
58,174
58,175
58,177
58,179
58,180
58,182
58,183
58,185
58,186
58,188
58,190
58,191
58,193
58,194
58,196
58,198
58,199
58,201
58,202
58,204
58,206
58,207
58,209
58,210
58,212
58,213
58,215
58,217
58,218
58,220
58,221
58,223
58,225
58,226
58,228
58,229
58,231
58,232
58,234
58,236
58,237
58,239
58,240
58,242
58,244
58,245
58,247
58,248
58,250
58,251
58,253
58,255
58,256
58,258
58,259
58,261
58,263
58,264
58,266
58,267
58,269
58,271
58,321
58,322
58,324
58,325
58,327
58,329
58,330
58,332
58,333
58,335
58,337
58,338
58,340
58,341
58,343
58,344
58,346
58,348
58,349
58,351
58,352
58,354
58,356
58,357
58,359
58,360
58,362
58,363
58,365
58,385
58,386
58,388
58,389
58,391
58,393
58,394
58,396
58,397
58,399
58,400
58,402
58,404
58,405
58,407
58,408
58,410
58,412
58,413
58,415
58,416
58,418
58,420
58,421
58,423
58,424
58,426
58,427
58,429
58,431
59,0
59,2
59,3
60,1
60,3
61,0
61,2
61,3
61,5
61,6
61,8
61,10
62,0
62,2
62,3
62,5
62,7
62,8
62,10
62,11
62,13
62,14
62,16
62,18
62,19
62,21
62,23
62,25
63,1
63,2
64,0
64,1
64,3
65,0
65,1
65,3
65,5
66,0
66,2
66,4
66,5
66,7
66,8
66,10
66,12
66,13
66,15
66,16
66,18
66,19
66,21
66,23
66,24
66,26
66,27
66,29
66,31
66,32
66,34
66,35
66,37
66,38
66,41
66,43
66,44
66,46
66,47
66,48
66,64
66,65
66,67
66,68
66,70
66,71
66,73
66,75
66,76
66,78
66,79
66,81
66,83
67,0
67,2
67,3
67,5
67,8
67,9
67,11
67,12
67,14
67,15
67,17
67,19
67,20
67,22
67,23
67,25
67,27
68,0
68,2
68,3
68,5
68,6
69,2
69,3
69,5
69,6
69,8
69,10
69,11
69,13
69,14
69,16
69,17
69,19
69,21
69,22
69,24
69,25
69,27
69,29
69,30
69,32
69,33
69,35
69,37
69,38
69,40
69,41
69,43
69,44
69,46
69,48
69,49
69,65
69,66
69,68
69,70
69,71
69,73
69,74
69,76
69,77
69,79
69,81
69,82
69,84
69,85
69,87
69,89
69,90
69,92
69,93
69,95
69,96
69,98
69,100
69,101
69,103
69,104
69,106
69,108
69,109
69,111
69,112
69,114
69,116
69,117
69,119
69,120
69,122
69,123
69,125
69,127
69,128
69,130
69,131
69,133
69,135
69,136
69,138
69,139
69,141
69,142
69,144
69,146
69,147
69,149
69,150
69,152
69,154
69,155
69,157
69,158
69,160
69,161
69,163
69,165
69,166
69,168
69,169
69,171
69,173
69,174
69,176
69,177
69,179
69,180
69,182
69,184
69,185
69,187
69,188
69,190
69,192
69,193
69,195
69,196
69,198
69,200
69,201
69,203
69,204
69,206
69,207
69,209
69,211
69,212
69,214
69,215
69,217
69,219
69,220
69,222
69,223
69,225
69,226
69,228
69,230
69,231
69,233
69,234
69,236
69,238
69,239
69,241
69,242
69,244
69,245
69,247
69,249
69,250
69,252
69,253
69,255
69,257
69,258
69,260
69,261
69,263
69,265
69,266
69,268
69,269
69,271
69,272
69,274
69,276
69,277
69,279
69,280
69,282
69,284
69,285
69,287
69,288
69,290
69,291
69,293
69,295
69,296
69,298
69,299
69,301
69,303
69,304
69,306
69,307
69,309
69,310
69,312
69,314
69,315
69,317
69,318
69,320
69,322
69,323
70,0
70,1
70,3
70,4
70,6
70,8
70,9
70,11
70,12
71,0
71,2
71,3
71,5
71,7
71,9
71,11
71,12
71,14
71,15
71,17
71,18
71,20
71,22
71,23
71,25
71,26
71,28
71,30
71,31
71,33
71,34
71,36
71,64
71,66
71,68
71,69
71,71
71,72
71,74
71,76
71,77
71,79
71,80
71,82
71,83
71,85
71,87
71,88
71,90
71,91
71,93
71,95
71,96
71,98
71,99
71,101
71,103
71,104
71,106
71,107
71,109
71,110
71,112
71,114
71,115
71,117
71,118
71,120
71,122
71,123
71,125
71,126
71,128
71,129
71,131
71,133
71,134
71,136
71,137
71,139
71,141
71,142
71,144
71,145
71,147
71,148
71,150
71,152
71,153
72,1
72,2
72,4
72,7
73,0
73,1
73,2
73,4
73,5
73,7
73,9
73,10
73,12
73,13
73,15
73,17
73,18
73,20
73,21
73,23
73,26
73,27
73,29
74,0
74,2
75,0
75,2
75,3
75,5
75,7
75,9
75,11
75,12
75,14
75,15
75,17
75,19
75,21
75,22
75,24
75,25
75,27
75,29
75,30
75,32
75,33
75,35
75,36
76,2
76,3
76,5
76,7
77,0
77,2
77,4
77,5
77,7
77,9
77,10
77,12
77,13
77,15
77,16
77,18
77,21
78,0
78,2
78,4
79,1
79,2
79,4
80,0
80,2
80,4
81,0
81,1
81,3
81,4
81,5
82,0
82,1
82,3
82,5
82,7
82,9
82,11
82,12
82,14
82,15
82,17
82,19
82,20
83,1
83,2
83,4
83,5
83,7
83,9
83,10
84,0
84,1
84,3
84,5
84,8
84,9
84,11
84,13
84,14
84,16
84,17
84,19
84,20
84,22
84,24
84,25
84,27
84,28
84,30
84,32
84,33
84,35
84,36
84,65
84,66
84,68
84,70
84,71
84,73
84,74
84,76
84,78
84,79
84,81
84,82
84,84
84,85
84,87
84,89
84,90
84,92
84,93
84,95
84,97
84,98
84,100
84,101
84,103
84,105
84,106
84,108
84,109
84,111
84,112
84,114
84,116
84,117
84,119
84,120
84,122
84,124
84,125
84,127
84,128
84,130
84,131
84,133
84,135
84,136
84,138
84,139
84,141
84,143
84,144
84,146
84,147
84,149
84,150
84,152
84,154
84,155
84,157
84,158
84,160
84,162
84,163
84,165
84,166
84,168
84,170
84,171
84,173
84,174
84,176
84,177
84,179
84,181
84,182
84,184
84,185
84,187
84,189
84,190
84,192
84,193
84,195
84,196
84,198
84,200
84,201
84,203
84,204
84,206
84,208
84,209
84,211
84,212
84,214
84,215
84,217
84,219
84,220
84,222
84,223
84,225
84,227
84,228
84,230
84,231
84,233
84,234
84,236
84,238
84,239
84,241
84,242
84,244
84,246
84,247
84,249
84,250
85,0
85,2
85,3
85,5
85,6
85,8
85,9
85,11
86,1
86,2
86,4
86,5
86,6
86,8
86,9
86,11
87,0
87,2
87,3
87,5
87,7
87,9
87,10
87,12
87,14
87,15
87,17
87,18
87,20
87,21
87,23
87,25
87,26
87,28
87,29
87,31
87,33
87,34
87,36
87,37
87,39
87,41
87,42
87,44
87,45
87,47
87,48
87,50
87,52
87,53
87,55
87,56
87,58
87,60
87,61
87,63
87,64
87,66
87,67
87,69
87,71
87,72
87,74
87,75
87,78
87,79
87,81
87,82
87,84
87,85
87,87
87,89
87,90
87,92
87,93
87,95
87,97
87,98
87,100
87,101
87,103
87,104
87,106
87,108
87,109
87,111
87,112
87,114
87,116
87,117
87,119
87,121
87,123
87,124
87,126
87,127
87,129
87,130
87,132
87,134
87,135
87,137
87,138
87,140
87,142
87,143
87,145
87,146
87,148
87,149
87,151
87,153
87,154
87,156
87,157
87,159
87,161
87,162
87,164
87,165
87,167
87,168
87,170
87,172
87,173
87,175
87,176
87,178
87,180
87,181
87,183
87,184
87,186
87,188
87,189
87,191
87,192
87,194
87,195
87,197
87,199
87,200
87,202
87,203
87,205
87,207
87,208
87,210
87,211
87,213
